# NJIS/2019-06-13 18_10_54__000472__17ac0ccc-8dd6-11e9-88a4-b827eb9ff522.jpg
391.0 264.0 405.0 281.0 -1.0 -1.0 -1.0 -1.0 -1.0 -1.0 -1.0 -1.0 -1.0 -1.0 -1.0 -1.0 -1.0 -1.0 -1.0 -1.0 
460.0 248.0 474.0 265.0 -1.0 -1.0 -1.0 -1.0 -1.0 -1.0 -1.0 -1.0 -1.0 -1.0 -1.0 -1.0 -1.0 -1.0 -1.0 -1.0 
# NJIS/2019-06-13 18_10_54__000473__17cab528-8dd6-11e9-88a4-b827eb9ff522.jpg
459.0 275.0 474.0 293.0 -1.0 -1.0 -1.0 -1.0 -1.0 -1.0 -1.0 -1.0 -1.0 -1.0 -1.0 -1.0 -1.0 -1.0 -1.0 -1.0 
390.0 285.0 404.0 303.0 -1.0 -1.0 -1.0 -1.0 -1.0 -1.0 -1.0 -1.0 -1.0 -1.0 -1.0 -1.0 -1.0 -1.0 -1.0 -1.0 
# NJIS/2019-06-13 18_10_54__000474__17e94af6-8dd6-11e9-88a4-b827eb9ff522.jpg
427.0 303.0 442.0 323.0 -1.0 -1.0 -1.0 -1.0 -1.0 -1.0 -1.0 -1.0 -1.0 -1.0 -1.0 -1.0 -1.0 -1.0 -1.0 -1.0 
360.0 315.0 374.0 334.0 -1.0 -1.0 -1.0 -1.0 -1.0 -1.0 -1.0 -1.0 -1.0 -1.0 -1.0 -1.0 -1.0 -1.0 -1.0 -1.0 
# NJIS/2019-06-13 18_10_54__000695__33021796-8dd6-11e9-88a4-b827eb9ff522.jpg
182.0 253.0 206.0 285.0 -1.0 -1.0 -1.0 -1.0 -1.0 -1.0 -1.0 -1.0 -1.0 -1.0 -1.0 -1.0 -1.0 -1.0 -1.0 -1.0 
277.0 253.0 298.0 278.0 -1.0 -1.0 -1.0 -1.0 -1.0 -1.0 -1.0 -1.0 -1.0 -1.0 -1.0 -1.0 -1.0 -1.0 -1.0 -1.0 
146.0 206.0 168.0 235.0 -1.0 -1.0 -1.0 -1.0 -1.0 -1.0 -1.0 -1.0 -1.0 -1.0 -1.0 -1.0 -1.0 -1.0 -1.0 -1.0 
# NJIS/2019-06-13 18_10_54__000696__3320b55c-8dd6-11e9-88a4-b827eb9ff522.jpg
190.0 286.0 219.0 317.0 -1.0 -1.0 -1.0 -1.0 -1.0 -1.0 -1.0 -1.0 -1.0 -1.0 -1.0 -1.0 -1.0 -1.0 -1.0 -1.0 
279.0 276.0 303.0 305.0 -1.0 -1.0 -1.0 -1.0 -1.0 -1.0 -1.0 -1.0 -1.0 -1.0 -1.0 -1.0 -1.0 -1.0 -1.0 -1.0 
152.0 229.0 173.0 259.0 -1.0 -1.0 -1.0 -1.0 -1.0 -1.0 -1.0 -1.0 -1.0 -1.0 -1.0 -1.0 -1.0 -1.0 -1.0 -1.0 
# NJIS/2019-06-13 18_10_54__000791__3e78663e-8dd6-11e9-88a4-b827eb9ff522.jpg
# NJIS/2019-06-13 18_10_54__000852__45f6bb7c-8dd6-11e9-88a4-b827eb9ff522.jpg
456.0 240.0 472.0 259.0 -1.0 -1.0 -1.0 -1.0 -1.0 -1.0 -1.0 -1.0 -1.0 -1.0 -1.0 -1.0 -1.0 -1.0 -1.0 -1.0 
416.0 265.0 429.0 283.0 -1.0 -1.0 -1.0 -1.0 -1.0 -1.0 -1.0 -1.0 -1.0 -1.0 -1.0 -1.0 -1.0 -1.0 -1.0 -1.0 
# NJIS/2019-06-13 18_10_54__000863__4769de26-8dd6-11e9-88a4-b827eb9ff522.jpg
443.0 15.0 455.0 30.0 -1.0 -1.0 -1.0 -1.0 -1.0 -1.0 -1.0 -1.0 -1.0 -1.0 -1.0 -1.0 -1.0 -1.0 -1.0 -1.0 
# NJIS/2019-06-13 18_10_54__001196__112ec230-8dd7-11e9-88a4-b827eb9ff522.jpg
380.0 206.0 394.0 223.0 -1.0 -1.0 -1.0 -1.0 -1.0 -1.0 -1.0 -1.0 -1.0 -1.0 -1.0 -1.0 -1.0 -1.0 -1.0 -1.0 
319.0 211.0 332.0 227.0 -1.0 -1.0 -1.0 -1.0 -1.0 -1.0 -1.0 -1.0 -1.0 -1.0 -1.0 -1.0 -1.0 -1.0 -1.0 -1.0 
# NJIS/2019-06-17 15_01_25__014717__54f9c8d4-90cf-11e9-8197-dd1eda89fb93.jpg
563.0 283.0 575.0 298.0 -1.0 -1.0 -1.0 -1.0 -1.0 -1.0 -1.0 -1.0 -1.0 -1.0 -1.0 -1.0 -1.0 -1.0 -1.0 -1.0 
540.0 287.0 552.0 302.0 -1.0 -1.0 -1.0 -1.0 -1.0 -1.0 -1.0 -1.0 -1.0 -1.0 -1.0 -1.0 -1.0 -1.0 -1.0 -1.0 
582.0 285.0 594.0 299.0 -1.0 -1.0 -1.0 -1.0 -1.0 -1.0 -1.0 -1.0 -1.0 -1.0 -1.0 -1.0 -1.0 -1.0 -1.0 -1.0 
# NJIS/2019-06-17 15_01_25__014727__562b494e-90cf-11e9-8197-dd1eda89fb93.jpg
542.0 338.0 575.0 376.0 -1.0 -1.0 -1.0 -1.0 -1.0 -1.0 -1.0 -1.0 -1.0 -1.0 -1.0 -1.0 -1.0 -1.0 -1.0 -1.0 
433.0 243.0 445.0 258.0 -1.0 -1.0 -1.0 -1.0 -1.0 -1.0 -1.0 -1.0 -1.0 -1.0 -1.0 -1.0 -1.0 -1.0 -1.0 -1.0 
392.0 247.0 405.0 264.0 -1.0 -1.0 -1.0 -1.0 -1.0 -1.0 -1.0 -1.0 -1.0 -1.0 -1.0 -1.0 -1.0 -1.0 -1.0 -1.0 
# NJIS/2019-06-17 15_01_25__014838__63801c96-90cf-11e9-8197-dd1eda89fb93.jpg
416.0 211.0 440.0 241.0 -1.0 -1.0 -1.0 -1.0 -1.0 -1.0 -1.0 -1.0 -1.0 -1.0 -1.0 -1.0 -1.0 -1.0 -1.0 -1.0 
# NJIS/2019-06-17 15_01_25__014902__6b28897e-90cf-11e9-8197-dd1eda89fb93.jpg
321.0 259.0 340.0 282.0 -1.0 -1.0 -1.0 -1.0 -1.0 -1.0 -1.0 -1.0 -1.0 -1.0 -1.0 -1.0 -1.0 -1.0 -1.0 -1.0 
391.0 286.0 403.0 302.0 -1.0 -1.0 -1.0 -1.0 -1.0 -1.0 -1.0 -1.0 -1.0 -1.0 -1.0 -1.0 -1.0 -1.0 -1.0 -1.0 
# NJIS/2019-06-17 15_01_25__016220__0aa98354-90d0-11e9-8197-dd1eda89fb93.jpg
250.0 269.0 262.0 283.0 -1.0 -1.0 -1.0 -1.0 -1.0 -1.0 -1.0 -1.0 -1.0 -1.0 -1.0 -1.0 -1.0 -1.0 -1.0 -1.0 
# NJIS/2019-06-17 15_01_25__016233__0c36b886-90d0-11e9-8197-dd1eda89fb93.jpg
128.0 247.0 145.0 269.0 -1.0 -1.0 -1.0 -1.0 -1.0 -1.0 -1.0 -1.0 -1.0 -1.0 -1.0 -1.0 -1.0 -1.0 -1.0 -1.0 
# NJIS/2019-06-17 15_01_25__016589__36cf3fb4-90d0-11e9-8197-dd1eda89fb93.jpg
394.0 76.0 479.0 186.0 -1.0 -1.0 -1.0 -1.0 -1.0 -1.0 -1.0 -1.0 -1.0 -1.0 -1.0 -1.0 -1.0 -1.0 -1.0 -1.0 
# NJIS/2019-06-17 15_01_25__017191__aebbd820-90d0-11e9-8b8d-dd1eda89fb93.jpg
245.0 212.0 263.0 233.0 -1.0 -1.0 -1.0 -1.0 -1.0 -1.0 -1.0 -1.0 -1.0 -1.0 -1.0 -1.0 -1.0 -1.0 -1.0 -1.0 
342.0 202.0 357.0 221.0 -1.0 -1.0 -1.0 -1.0 -1.0 -1.0 -1.0 -1.0 -1.0 -1.0 -1.0 -1.0 -1.0 -1.0 -1.0 -1.0 
# NJIS/2019-06-17 15_01_25__017389__c746db2e-90d0-11e9-8b8d-dd1eda89fb93.jpg
511.0 203.0 526.0 222.0 -1.0 -1.0 -1.0 -1.0 -1.0 -1.0 -1.0 -1.0 -1.0 -1.0 -1.0 -1.0 -1.0 -1.0 -1.0 -1.0 
37.0 177.0 47.0 189.0 -1.0 -1.0 -1.0 -1.0 -1.0 -1.0 -1.0 -1.0 -1.0 -1.0 -1.0 -1.0 -1.0 -1.0 -1.0 -1.0 
# NJIS/2019-06-17 15_01_25__017541__da14eda4-90d0-11e9-8b8d-dd1eda89fb93.jpg
192.0 200.0 212.0 221.0 -1.0 -1.0 -1.0 -1.0 -1.0 -1.0 -1.0 -1.0 -1.0 -1.0 -1.0 -1.0 -1.0 -1.0 -1.0 -1.0 
315.0 177.0 336.0 205.0 -1.0 -1.0 -1.0 -1.0 -1.0 -1.0 -1.0 -1.0 -1.0 -1.0 -1.0 -1.0 -1.0 -1.0 -1.0 -1.0 
# NJIS/2019-06-17 15_01_25__017566__dd1eabd4-90d0-11e9-8b8d-dd1eda89fb93.jpg
372.0 255.0 387.0 276.0 -1.0 -1.0 -1.0 -1.0 -1.0 -1.0 -1.0 -1.0 -1.0 -1.0 -1.0 -1.0 -1.0 -1.0 -1.0 -1.0 
# NJIS/2019-06-17 15_01_25__018132__213f1ede-90d1-11e9-8b8d-dd1eda89fb93.jpg
358.0 259.0 374.0 280.0 -1.0 -1.0 -1.0 -1.0 -1.0 -1.0 -1.0 -1.0 -1.0 -1.0 -1.0 -1.0 -1.0 -1.0 -1.0 -1.0 
# NJIS/2019-06-17 15_01_25__018680__64e172a4-90d1-11e9-8b8d-dd1eda89fb93.jpg
380.0 214.0 404.0 244.0 -1.0 -1.0 -1.0 -1.0 -1.0 -1.0 -1.0 -1.0 -1.0 -1.0 -1.0 -1.0 -1.0 -1.0 -1.0 -1.0 
# NJIS/2019-06-17 15_01_25__022786__56c8d84a-90d3-11e9-8b8d-dd1eda89fb93.jpg
341.0 249.0 354.0 264.0 -1.0 -1.0 -1.0 -1.0 -1.0 -1.0 -1.0 -1.0 -1.0 -1.0 -1.0 -1.0 -1.0 -1.0 -1.0 -1.0 
102.0 224.0 120.0 242.0 -1.0 -1.0 -1.0 -1.0 -1.0 -1.0 -1.0 -1.0 -1.0 -1.0 -1.0 -1.0 -1.0 -1.0 -1.0 -1.0 
522.0 276.0 534.0 291.0 -1.0 -1.0 -1.0 -1.0 -1.0 -1.0 -1.0 -1.0 -1.0 -1.0 -1.0 -1.0 -1.0 -1.0 -1.0 -1.0 
# NJIS/2019-06-17 16_36_55__003004__a7ddf6f2-90ec-11e9-aee8-b827eb9ff522.jpg
445.0 306.0 457.0 322.0 -1.0 -1.0 -1.0 -1.0 -1.0 -1.0 -1.0 -1.0 -1.0 -1.0 -1.0 -1.0 -1.0 -1.0 -1.0 -1.0 
485.0 310.0 500.0 331.0 -1.0 -1.0 -1.0 -1.0 -1.0 -1.0 -1.0 -1.0 -1.0 -1.0 -1.0 -1.0 -1.0 -1.0 -1.0 -1.0 
# NJIS/2019-06-13 18_10_54__000472__17ac0ccc-8dd6-11e9-88a4-b827eb9ff522.jpg
391 264 405 281 -1 -1 -1 -1 -1 -1 -1 -1 -1 -1 -1 -1 -1 -1 -1 -1 
460 248 474 265 -1 -1 -1 -1 -1 -1 -1 -1 -1 -1 -1 -1 -1 -1 -1 -1 
# NJIS/2019-06-13 18_10_54__000473__17cab528-8dd6-11e9-88a4-b827eb9ff522.jpg
459 275 474 293 -1 -1 -1 -1 -1 -1 -1 -1 -1 -1 -1 -1 -1 -1 -1 -1 
390 285 404 303 -1 -1 -1 -1 -1 -1 -1 -1 -1 -1 -1 -1 -1 -1 -1 -1 
# NJIS/2019-06-13 18_10_54__000474__17e94af6-8dd6-11e9-88a4-b827eb9ff522.jpg
427 303 442 323 -1 -1 -1 -1 -1 -1 -1 -1 -1 -1 -1 -1 -1 -1 -1 -1 
360 315 374 334 -1 -1 -1 -1 -1 -1 -1 -1 -1 -1 -1 -1 -1 -1 -1 -1 
# NJIS/2019-06-13 18_10_54__000695__33021796-8dd6-11e9-88a4-b827eb9ff522.jpg
182 253 206 285 -1 -1 -1 -1 -1 -1 -1 -1 -1 -1 -1 -1 -1 -1 -1 -1 
277 253 298 278 -1 -1 -1 -1 -1 -1 -1 -1 -1 -1 -1 -1 -1 -1 -1 -1 
146 206 168 235 -1 -1 -1 -1 -1 -1 -1 -1 -1 -1 -1 -1 -1 -1 -1 -1 
# NJIS/2019-06-13 18_10_54__000696__3320b55c-8dd6-11e9-88a4-b827eb9ff522.jpg
190 286 219 317 -1 -1 -1 -1 -1 -1 -1 -1 -1 -1 -1 -1 -1 -1 -1 -1 
279 276 303 305 -1 -1 -1 -1 -1 -1 -1 -1 -1 -1 -1 -1 -1 -1 -1 -1 
152 229 173 259 -1 -1 -1 -1 -1 -1 -1 -1 -1 -1 -1 -1 -1 -1 -1 -1 
# NJIS/2019-06-13 18_10_54__000791__3e78663e-8dd6-11e9-88a4-b827eb9ff522.jpg
# NJIS/2019-06-13 18_10_54__000852__45f6bb7c-8dd6-11e9-88a4-b827eb9ff522.jpg
456 240 472 259 -1 -1 -1 -1 -1 -1 -1 -1 -1 -1 -1 -1 -1 -1 -1 -1 
416 265 429 283 -1 -1 -1 -1 -1 -1 -1 -1 -1 -1 -1 -1 -1 -1 -1 -1 
# NJIS/2019-06-13 18_10_54__000863__4769de26-8dd6-11e9-88a4-b827eb9ff522.jpg
443 15 455 30 -1 -1 -1 -1 -1 -1 -1 -1 -1 -1 -1 -1 -1 -1 -1 -1 
# NJIS/2019-06-13 18_10_54__001196__112ec230-8dd7-11e9-88a4-b827eb9ff522.jpg
380 206 394 223 -1 -1 -1 -1 -1 -1 -1 -1 -1 -1 -1 -1 -1 -1 -1 -1 
319 211 332 227 -1 -1 -1 -1 -1 -1 -1 -1 -1 -1 -1 -1 -1 -1 -1 -1 
# NJIS/2019-06-17 15_01_25__014717__54f9c8d4-90cf-11e9-8197-dd1eda89fb93.jpg
563 283 575 298 -1 -1 -1 -1 -1 -1 -1 -1 -1 -1 -1 -1 -1 -1 -1 -1 
540 287 552 302 -1 -1 -1 -1 -1 -1 -1 -1 -1 -1 -1 -1 -1 -1 -1 -1 
582 285 594 299 -1 -1 -1 -1 -1 -1 -1 -1 -1 -1 -1 -1 -1 -1 -1 -1 
# NJIS/2019-06-17 15_01_25__014727__562b494e-90cf-11e9-8197-dd1eda89fb93.jpg
542 338 575 376 -1 -1 -1 -1 -1 -1 -1 -1 -1 -1 -1 -1 -1 -1 -1 -1 
433 243 445 258 -1 -1 -1 -1 -1 -1 -1 -1 -1 -1 -1 -1 -1 -1 -1 -1 
392 247 405 264 -1 -1 -1 -1 -1 -1 -1 -1 -1 -1 -1 -1 -1 -1 -1 -1 
# NJIS/2019-06-17 15_01_25__014838__63801c96-90cf-11e9-8197-dd1eda89fb93.jpg
416 211 440 241 -1 -1 -1 -1 -1 -1 -1 -1 -1 -1 -1 -1 -1 -1 -1 -1 
# NJIS/2019-06-17 15_01_25__014902__6b28897e-90cf-11e9-8197-dd1eda89fb93.jpg
321 259 340 282 -1 -1 -1 -1 -1 -1 -1 -1 -1 -1 -1 -1 -1 -1 -1 -1 
391 286 403 302 -1 -1 -1 -1 -1 -1 -1 -1 -1 -1 -1 -1 -1 -1 -1 -1 
# NJIS/2019-06-17 15_01_25__016220__0aa98354-90d0-11e9-8197-dd1eda89fb93.jpg
250 269 262 283 -1 -1 -1 -1 -1 -1 -1 -1 -1 -1 -1 -1 -1 -1 -1 -1 
# NJIS/2019-06-17 15_01_25__016233__0c36b886-90d0-11e9-8197-dd1eda89fb93.jpg
128 247 145 269 -1 -1 -1 -1 -1 -1 -1 -1 -1 -1 -1 -1 -1 -1 -1 -1 
# NJIS/2019-06-17 15_01_25__016589__36cf3fb4-90d0-11e9-8197-dd1eda89fb93.jpg
394 76 479 186 -1 -1 -1 -1 -1 -1 -1 -1 -1 -1 -1 -1 -1 -1 -1 -1 
# NJIS/2019-06-17 15_01_25__017191__aebbd820-90d0-11e9-8b8d-dd1eda89fb93.jpg
245 212 263 233 -1 -1 -1 -1 -1 -1 -1 -1 -1 -1 -1 -1 -1 -1 -1 -1 
342 202 357 221 -1 -1 -1 -1 -1 -1 -1 -1 -1 -1 -1 -1 -1 -1 -1 -1 
# NJIS/2019-06-17 15_01_25__017389__c746db2e-90d0-11e9-8b8d-dd1eda89fb93.jpg
511 203 526 222 -1 -1 -1 -1 -1 -1 -1 -1 -1 -1 -1 -1 -1 -1 -1 -1 
37 177 47 189 -1 -1 -1 -1 -1 -1 -1 -1 -1 -1 -1 -1 -1 -1 -1 -1 
# NJIS/2019-06-17 15_01_25__017541__da14eda4-90d0-11e9-8b8d-dd1eda89fb93.jpg
192 200 212 221 -1 -1 -1 -1 -1 -1 -1 -1 -1 -1 -1 -1 -1 -1 -1 -1 
315 177 336 205 -1 -1 -1 -1 -1 -1 -1 -1 -1 -1 -1 -1 -1 -1 -1 -1 
# NJIS/2019-06-17 15_01_25__017566__dd1eabd4-90d0-11e9-8b8d-dd1eda89fb93.jpg
372 255 387 276 -1 -1 -1 -1 -1 -1 -1 -1 -1 -1 -1 -1 -1 -1 -1 -1 
# NJIS/2019-06-17 15_01_25__018132__213f1ede-90d1-11e9-8b8d-dd1eda89fb93.jpg
358 259 374 280 -1 -1 -1 -1 -1 -1 -1 -1 -1 -1 -1 -1 -1 -1 -1 -1 
# NJIS/2019-06-17 15_01_25__018680__64e172a4-90d1-11e9-8b8d-dd1eda89fb93.jpg
380 214 404 244 -1 -1 -1 -1 -1 -1 -1 -1 -1 -1 -1 -1 -1 -1 -1 -1 
# NJIS/2019-06-17 15_01_25__022786__56c8d84a-90d3-11e9-8b8d-dd1eda89fb93.jpg
341 249 354 264 -1 -1 -1 -1 -1 -1 -1 -1 -1 -1 -1 -1 -1 -1 -1 -1 
102 224 120 242 -1 -1 -1 -1 -1 -1 -1 -1 -1 -1 -1 -1 -1 -1 -1 -1 
522 276 534 291 -1 -1 -1 -1 -1 -1 -1 -1 -1 -1 -1 -1 -1 -1 -1 -1 
# NJIS/2019-06-17 16_36_55__003004__a7ddf6f2-90ec-11e9-aee8-b827eb9ff522.jpg
445 306 457 322 -1 -1 -1 -1 -1 -1 -1 -1 -1 -1 -1 -1 -1 -1 -1 -1 
485 310 500 331 -1 -1 -1 -1 -1 -1 -1 -1 -1 -1 -1 -1 -1 -1 -1 -1 
